0.278639 3 0.685918
1.36998 2 0.175079
1.36998 1 0.175079
1.36998 3 0.175079
1.36998 0 0.175079
0.325079 0 0.476939
1.09134 0 0.778799
1.09134 1 0.778799
2.46131 3 0.569818
2.46131 0 0.569818
2.46131 2 0.569818
3.29723 3 1.10388
3.29723 2 1.10388
3.29723 0 1.10388
3.29723 1 1.10388
4.66721 1 0.709138
4.66721 3 0.709138
5.59601 0 1.1271
5.59601 3 1.1271
5.59601 2 1.1271
5.59601 1 1.1271
7.03565 1 0.546599
7.03565 2 0.546599
7.03565 3 0.546599
7.8019 3 0.639479
7.8019 0 0.639479
7.8019 2 0.639479
7.8019 1 0.639479
8.59138 0 0.40728
8.59138 1 0.40728
9.21832 2 0.639478
9.21832 1 0.639478
9.21832 3 0.639478
10.1007 2 0.964558
11.4474 2 0.662698
11.4474 1 0.662698
11.4474 3 0.662698
11.4474 0 0.662698
12.2834 2 1.08066
12.2834 1 1.08066
13.6069 1 0.778798
13.6069 3 0.778798
13.6069 2 0.778798
13.6069 0 0.778798
14.5589 1 0.871678
15.836 2 0.709138
15.836 1 0.709138
15.836 3 0.709138
16.7416 1 0.59304
17.5078 2 0.291179
17.5078 0 0.291179
17.5078 1 0.291179
17.5078 3 0.291179
18.0883 0 0.709139
18.0883 2 0.709139
19.11 1 0.360838
19.11 3 0.360838
19.11 0 0.360838
19.11 2 0.360838
