0.511972 2 0.340641
1.21593 0 1.0446
2.64519 2 0.639292
3.54115 2 0.980606
4.90641 2 0.511298
5.75969 0 1.0446
7.16762 2 0.489966
8.02091 2 0.383304
8.8102 2 0.169983
9.38617 2 0.511299
10.1968 2 0.852613
11.6047 1 0.596627
12.4793 2 0.873946
13.8019 0 0.617959
14.7406 2 0.831281
16.0631 2 0.532631
16.9591 0 0.383306
17.7697 0 0.105987
18.3244 1 0.511297
19.2416 2 0.72462
20.6069 0 0.596628
21.5455 2 0.767286
22.8041 1 0.575292
23.7214 1 0.959274
25.0867 2 0.468635
25.9826 1 0.361974
26.7506 1 0.105987
27.3692 0 -0.0860027
28.1798 0 -0.0860046
29.5664 2 -0.064671
30.4197 0 -0.0860027
31.785 2 -0.064669
32.6383 2 -0.0860008
33.9822 1 -0.0860008
34.8781 1 -0.0860046
35.6461 2 -0.107336
36.2434 1 -0.107336
37.118 2 -0.0860046
38.4833 2 -0.0646729
39.2726 0 -0.0646729
40.6805 0 -0.0860046
41.5125 1 -0.064669
42.8991 0 -0.0860008
43.7523 2 0.383302
44.5843 0 0.127317
45.1389 0 0.489965
45.9496 1 0.532629
47.2935 2 0.596624
48.2108 2 0.767286
49.5334 2 0.575296
50.408 0 0.852617
51.7306 0 0.553964
52.6052 2 0.489965
53.4798 1 0.0633217
53.9491 0 1.94056
53.9491 1 1.94056
56.2317 1 1.7059
56.2317 2 1.7059
58.4716 0 1.66324
58.4716 2 1.66324
60.6048 1 1.72724
60.6048 0 1.72724
62.8447 0 1.87655
62.8447 2 1.87655
65.1485 1 1.68457
65.1485 0 1.68457
67.3031 2 1.68456
67.3031 1 1.68456
69.4576 0 1.66324
69.4576 2 1.66324
71.7402 0 1.59924
71.7402 1 1.59924
73.9374 2 1.44991
73.9374 1 1.44991
76.1133 1 1.83389
76.1133 0 1.83389
78.3318 1 1.62057
78.3318 2 1.62057
80.5504 0 1.64191
80.5504 2 1.64191
82.7903 1 1.72724
82.7903 2 1.72724
85.0301 2 1.62058
85.0301 0 1.62058
87.2274 2 1.74857
87.2274 0 1.74857
89.5099 2 0.468637
90.2992 2 0.76729
