0.439976 2 -0.090003
0.599968 0 -0.090004
1.13994 1 -0.0900029
1.31993 1 -0.090003
1.59992 3 -0.090004
1.8199 2 -0.090003
2.03989 3 -0.0900029
2.27988 3 -0.110002
2.49987 0 -0.0700049
2.73985 1 -0.110002
2.97984 2 -0.110002
3.17983 3 -0.130001
3.39982 0 -0.130001
3.61981 4 -0.110002
3.85979 3 -0.110002
4.19978 4 -0.130001
4.39977 3 -0.130001
4.59975 1 -0.110002
4.99973 4 -0.110002
5.19972 0 -0.0900029
5.79969 1 -0.110002
6.47965 3 -0.0900029
6.95963 1 -0.0900029
7.43961 1 -0.0900044
7.65959 0 -0.0900039
7.89958 2 -0.110002
8.11957 0 -0.110003
8.35956 2 -0.0900024
8.57954 2 -0.110002
8.81953 4 -0.0900034
9.01952 2 -0.0900034
9.25951 1 -0.0900034
9.4795 0 -0.0900034
9.73948 0 -0.110002
9.93947 4 -0.0900034
10.1795 3 -0.0900024
10.3794 1 -0.0900034
10.5994 3 -0.0900034
10.8194 4 -0.110002
11.0594 0 -0.110002
11.2394 3 -0.0900034
11.6594 0 -0.0700039
12.3393 4 -0.0900034
13.0193 0 -0.110002
13.7393 4 -0.110003
14.2192 0 -0.0900024
14.7392 4 -0.110002
14.9192 3 -0.110002
15.1392 1 -0.0700039
15.3992 4 -0.110002
15.6192 0 -0.110003
15.8392 2 -0.0900034
16.0791 2 -0.0900024
16.2991 4 -0.110001
16.5191 0 -0.110001
16.7391 1 -0.0900044
16.9591 4 -0.0900024
17.1791 3 -0.0900024
17.4191 3 -0.0900063
17.6191 0 -0.110003
17.8391 2 -0.0900044
18.059 1 -0.110003
18.299 3 -0.110001
18.759 3 -0.110001
18.959 0 -0.0900024
19.439 1 -0.110003
19.659 4 -0.0900024
20.1589 2 -0.0900024
20.3589 4 -0.0900024
20.7789 0 -0.110003
21.0189 2 -0.110003
21.4589 4 -0.0900044
21.9388 3 -0.110001
22.1588 1 -0.0900063
22.3988 0 -0.0900044
22.6188 1 -0.0900024
22.8588 2 -0.0900044
23.0788 2 -0.130001
23.2988 0 -0.110001
23.5187 4 -0.0900024
23.7587 0 -0.0900044
23.9987 1 -0.110003
24.2187 2 -0.0900024
24.4187 3 -0.0900044
24.6387 1 -0.0900044
24.8587 0 -0.110003
25.0787 1 -0.0900024
25.3187 2 -0.110005
25.5386 3 -0.0900044
26.0186 2 -0.110003
26.1986 0 -0.0900044
26.6786 2 -0.13
26.8586 2 -0.0900024
27.3385 4 -0.0900024
27.5385 2 -0.0900024
27.9985 3 -0.110003
28.2185 0 -0.110003
28.6385 1 -0.0900024
29.0985 0 -0.0900024
29.3184 3 -0.110001
29.5184 3 -0.0900024
29.7384 0 -0.110001
29.9584 1 -0.0900044
30.1784 0 -0.0900024
30.4184 1 -0.110001
30.6184 1 -0.0900024
30.8784 4 -0.0900024
31.1183 1 -0.0900024
31.3783 0 -0.0900024
31.8583 3 -0.0900024
32.1183 3 -0.110003
32.3783 2 -0.0900063
32.5983 3 -0.0900024
32.8183 0 -0.0700058
33.2982 2 -0.110003
33.4782 2 -0.0900063
33.9382 3 -0.130007
34.1582 2 -0.13
34.6182 4 -0.110003
34.7981 4 -0.0900024
35.4581 0 -0.110003
35.9181 4 -0.13
36.3581 2 -0.110003
36.5581 1 -0.110003
36.798 2 -0.109999
37.018 3 -0.0900024
37.258 0 -0.0900024
37.518 3 -0.110003
37.738 4 -0.0900024
37.958 4 -0.109995
38.178 3 -0.0900024
38.398 1 -0.0900063
38.6779 2 -0.0900024
39.1179 1 -0.110003
39.3579 0 -0.109999
39.5979 0 -0.0900063
40.0179 1 -0.0900024
40.2379 4 -0.110003
40.4778 3 -0.0900024
40.6978 4 -0.110003
41.1578 1 -0.0900101
41.3578 3 -0.0900063
41.9978 1 -0.110003
42.2178 4 -0.070002
42.6777 0 -0.110003
42.8777 0 -0.0900024
43.1377 3 -0.0900024
43.4777 3 1.02994
43.4777 2 1.02994
44.8776 3 1.64991
44.8776 2 1.64991
47.1175 1 0.969938
47.1175 4 0.969938
47.1175 3 0.969938
48.4774 3 1.08993
48.4774 1 1.08993
49.9773 0 0.529962
50.7973 2 0.789953
50.7973 3 0.789953
52.1372 0 1.28993
52.1372 2 1.28993
53.6771 4 0.0499893
53.6771 0 0.0499893
54.3171 0 0.849947
54.3171 2 0.849947
54.3171 4 0.849947
55.657 3 1.04994
55.657 0 1.04994
57.337 1 -0.0500053
57.337 4 -0.0500053
58.0169 3 -0.0900063
58.2769 1 -0.0900024
58.4969 0 -0.0700058
58.7369 3 -0.0900024
58.9969 1 -0.110003
59.2169 4 -0.110003
59.4168 4 -0.0900063
60.0968 1 -0.110003
60.3368 0 -0.109999
60.5568 0 -0.13
60.7968 1 -0.13
61.0168 4 -0.109999
61.2567 3 -0.110003
61.7167 0 -0.0900024
61.9367 3 -0.13
62.1567 0 -0.110003
62.3567 3 -0.0900024
62.5967 4 -0.110003
62.7967 4 -0.0900024
63.0167 3 -0.0900024
63.8766 4 -0.0899986
64.0966 4 -0.0900024
64.3366 3 -0.0700058
64.8566 2 -0.0900024
65.0365 2 -0.0900024
65.2765 3 -0.0900024
65.4765 1 -0.0900024
65.7165 4 -0.0900024
65.9365 4 -0.0900024
66.1765 3 -0.109999
66.4165 3 -0.110007
66.6365 2 -0.110007
67.3164 0 -0.0900024
67.5364 1 -0.109999
67.7364 0 -0.0900024
67.9764 2 -0.0900024
68.1964 2 -0.0900024
68.4164 1 -0.0899948
68.8763 1 -0.0900101
69.0763 2 -0.0900177
69.3163 3 -0.109999
69.5163 2 -0.0900024
69.7563 3 -0.0900024
69.9763 4 -0.0900024
70.2363 0 -0.0900024
