0.439976 0 0.419978
1.11994 0 0.839955
2.51987 1 0.579969
3.35982 1 0.999947
4.73975 2 0.699963
5.6197 1 1.01995
7.01963 2 0.679964
7.85958 2 0.659966
8.71954 2 0.339982
9.3195 2 0.599968
10.0795 1 0.659966
11.4794 0 0.719961
12.3793 2 0.799957
13.7593 1 0.659965
14.6192 0 0.959949
15.9991 2 0.699963
16.9191 0 0.519972
17.6991 2 0.339983
18.279 2 0.699963
19.159 0 0.659966
20.4989 2 0.679962
21.3989 2 0.819956
22.7388 1 0.679962
23.5987 2 1.01995
24.9387 1 0.679962
25.7986 2 0.579967
26.5986 1 0.239985
27.1586 1 0.639967
27.9785 1 0.899952
29.3584 0 0.619967
30.2584 1 0.819956
31.5983 0 0.639965
32.4583 0 0.959949
33.8382 1 0.579967
34.7182 2 0.519974
35.5381 2 0.159988
36.0581 1 0.659966
36.938 0 0.559971
38.278 0 0.579967
39.1579 1 0.23999
40.5178 1 0.639973
41.3978 2 0.479973
42.7377 0 0.639965
43.6177 0 0.639965
44.4776 0 0.199989
44.9976 0 0.619968
45.8776 0 0.719959
47.2775 0 0.53997
48.0574 2 0.839954
49.4174 2 0.659966
50.2773 1 1.03994
51.6373 0 0.619965
52.5372 0 0.599968
53.3572 0 0.259987
53.9171 2 1.7999
56.017 0 1.8599
56.017 1 1.8599
58.3369 0 1.61992
58.3369 1 1.61992
60.5168 2 1.39993
60.5168 0 1.39993
62.7167 2 1.8399
62.7167 1 1.8399
64.9566 1 1.7599
64.9566 0 1.7599
67.1764 1 1.7599
67.1764 0 1.7599
69.3963 1 1.71991
69.3963 0 1.71991
71.6362 2 1.7599
71.6362 0 1.7599
73.8161 1 1.7999
73.8161 2 1.7999
76.036 1 1.67991
76.036 2 1.67991
78.2358 1 1.71991
78.2358 2 1.71991
80.4557 1 1.41992
80.4557 0 1.41992
82.6356 2 1.47992
82.6356 0 1.47992
84.8555 0 1.59991
84.8555 2 1.59991
87.0554 2 1.7999
87.0554 0 1.7999
89.3552 0 0.599968
89.3552 1 0.599968
90.2152 0 0.119995
90.2152 1 0.119995
91.5551 0 0.699959
92.4551 1 0.339981
93.835 0 0.579971
94.675 2 1.13995
96.0949 2 0.679962
96.9348 2 0.619972
97.7748 1 0.279984
98.2948 1 0.639961
99.1547 2 0.73996
100.475 2 0.819954
101.455 0 0.819962
102.775 2 0.559975
103.574 1 1.09995
104.934 2 0.679962
105.834 1 0.53997
106.614 2 0.23999
107.154 0 0.73996
108.094 1 0.679962
109.434 2 0.599968
110.254 2 1.01994
111.634 0 0.67997
112.514 2 0.959946
113.834 0 0.679977
114.714 1 0.579964
115.514 0 0.279984
116.074 1 0.679962
116.914 2 0.839958
118.274 1 0.619972
119.134 2 0.879951
120.554 1 0.559975
121.334 1 0.939949
122.793 2 0.599968
123.653 2 0.519974
124.453 0 0.279984
125.013 2 0.599968
125.893 0 0.73996
127.253 0 0.579971
128.073 0 0.73996
129.453 2 0.559967
130.293 1 0.719955
131.673 0 0.499969
132.533 0 0.59996
133.393 1 0.199982
133.933 1 1.91991
136.193 2 1.7599
136.193 1 1.7599
138.433 2 1.8999
138.433 0 1.8999
140.633 2 1.79991
140.633 0 1.79991
142.812 2 1.77991
142.812 1 1.77991
145.092 0 1.85991
145.092 1 1.85991
147.272 2 1.77991
147.272 1 1.77991
149.492 2 1.63992
149.492 0 1.63992
151.672 0 1.43993
151.672 1 1.43993
153.892 0 1.29994
153.892 1 1.29994
156.172 2 1.29993
156.172 0 1.29993
158.392 0 1.13994
158.392 2 1.13994
160.511 2 1.27992
160.511 1 1.27992
162.751 0 1.57993
162.751 1 1.57993
165.031 1 1.85989
165.031 3 1.85989
167.211 2 1.81992
167.211 1 1.81992
169.431 0 1.73991
169.431 3 1.73991
169.431 0 1.73991
171.631 0 1.8199
171.631 3 1.8199
173.791 2 1.51993
175.571 0 0.339981
176.131 0 2.05989
178.351 1 0.679962
179.19 1 0.599976
180.01 0 0.219986
180.55 2 1.99989
182.79 1 1.59991
184.49 1 0.139999
185.05 2 1.97989
187.29 2 0.959961
188.43 0 0.959946
189.53 2 1.67992
191.51 0 0.439972
192.05 1 0.359985
192.63 0 0.459976
193.23 3 0.439957
193.83 0 0.339981
194.37 1 0.279984
194.87 1 0.319977
195.39 0 0.339981
195.97 0 0.259979
196.49 1 0.319977
197.09 0 0.219986
197.63 1 0.319977
198.249 1 0.319977
198.769 2 0.259979
199.309 2 0.23999
199.869 2 0.239975
200.629 0 0.319992
201.209 1 0.339981
201.769 1 0.300003
202.329 1 0.259995
202.809 2 0.299988
202.809 1 0.299988
203.349 1 0.299973
203.349 0 0.299973
203.909 0 0.299988
203.909 3 0.299988
204.489 2 0.339981
204.489 3 0.339981
205.029 1 0.299988
205.029 2 0.299988
205.509 2 0.299988
205.509 0 0.299988
206.069 0 0.339981
206.069 3 0.339981
206.649 2 0.259979
206.649 1 0.259979
207.189 2 2.21988
207.189 1 2.21988
