0.439976 2 -0.090003
0.599968 2 -0.090004
1.13994 1 -0.0900029
1.31993 1 -0.090003
1.59992 0 -0.090004
1.8199 3 -0.090003
2.03989 2 -0.0900029
2.27988 3 -0.110002
2.49987 0 -0.0700049
2.73985 2 -0.110002
2.97984 1 -0.110002
3.17983 1 -0.130001
3.39982 1 -0.130001
3.61981 1 -0.110002
3.85979 1 -0.110002
4.19978 1 -0.130001
4.39977 0 -0.130001
4.59975 3 -0.110002
4.99973 2 -0.110002
5.19972 1 -0.0900029
5.79969 0 -0.110002
6.47965 0 -0.0900029
6.95963 2 -0.0900029
7.43961 0 -0.0900044
7.65959 1 -0.0900039
7.89958 0 -0.110002
8.11957 0 -0.110003
8.35956 0 -0.0900024
8.57954 3 -0.110002
8.81953 2 -0.0900034
9.01952 1 -0.0900034
9.25951 1 -0.0900034
9.4795 3 -0.0900034
9.73948 3 -0.110002
9.93947 0 -0.0900034
10.1795 2 -0.0900024
10.3794 1 -0.0900034
10.5994 1 -0.0900034
10.8194 2 -0.110002
11.0594 1 -0.110002
11.2394 0 -0.0900034
11.6594 1 -0.0700039
12.3393 0 -0.0900034
13.0193 1 -0.110002
13.7393 2 -0.110003
14.2192 1 -0.0900024
14.7392 2 -0.110002
14.9192 3 -0.110002
15.1392 2 -0.0700039
15.3992 1 -0.110002
15.6192 2 -0.110003
15.8392 1 -0.0900034
16.0791 1 -0.0900024
16.2991 2 -0.110001
16.5191 3 -0.110001
16.7391 2 -0.0900044
16.9591 3 -0.0900024
17.1791 0 -0.0900024
17.4191 2 -0.0900063
17.6191 3 -0.110003
17.8391 3 -0.0900044
18.059 1 -0.110003
18.299 0 -0.110001
18.759 1 -0.110001
18.959 0 -0.0900024
19.439 3 -0.110003
19.659 3 -0.0900024
20.1589 1 -0.0900024
20.3589 2 -0.0900024
20.7789 0 -0.110003
21.0189 1 -0.110003
21.4589 2 -0.0900044
21.9388 2 -0.110001
22.1588 2 -0.0900063
22.3988 2 -0.0900044
22.6188 3 -0.0900024
22.8588 0 -0.0900044
23.0788 2 -0.130001
23.2988 1 -0.110001
23.5187 2 -0.0900024
23.7587 3 -0.0900044
23.9987 3 -0.110003
24.2187 3 -0.0900024
24.4187 0 -0.0900044
24.6387 3 -0.0900044
24.8587 3 -0.110003
25.0787 2 -0.0900024
25.3187 0 -0.110005
25.5386 1 -0.0900044
26.0186 3 -0.110003
26.1986 3 -0.0900044
26.6786 3 -0.13
26.8586 3 -0.0900024
27.3385 0 -0.0900024
27.5385 0 -0.0900024
27.9985 0 -0.110003
28.2185 1 -0.110003
28.6385 3 -0.0900024
29.0985 2 -0.0900024
29.3184 0 -0.110001
29.5184 0 -0.0900024
29.7384 3 -0.110001
29.9584 0 -0.0900044
30.1784 1 -0.0900024
30.4184 2 -0.110001
30.6184 3 -0.0900024
30.8784 0 -0.0900024
31.1183 3 -0.0900024
31.3783 3 -0.0900024
31.8583 0 -0.0900024
32.1183 1 -0.110003
32.3783 2 -0.0900063
32.5983 3 -0.0900024
32.8183 3 -0.0700058
33.2982 0 -0.110003
33.4782 2 -0.0900063
33.9382 2 -0.130007
34.1582 3 -0.13
34.6182 0 -0.110003
34.7981 0 -0.0900024
35.4581 3 -0.110003
35.9181 2 -0.13
36.3581 2 -0.110003
36.5581 1 -0.110003
36.798 0 -0.109999
37.018 3 -0.0900024
37.258 0 -0.0900024
37.518 0 -0.110003
37.738 1 -0.0900024
37.958 0 -0.109995
38.178 2 -0.0900024
38.398 2 -0.0900063
38.6779 1 -0.0900024
39.1179 3 -0.110003
39.3579 0 -0.109999
39.5979 1 -0.0900063
40.0179 1 -0.0900024
40.2379 0 -0.110003
40.4778 2 -0.0900024
40.6978 1 -0.110003
41.1578 0 -0.0900101
41.3578 1 -0.0900063
41.9978 0 -0.110003
42.2178 2 -0.070002
42.6777 1 -0.110003
42.8777 0 -0.0900024
43.1377 1 -0.0900024
43.4777 2 1.02994
43.4777 0 1.02994
44.8776 1 1.64991
44.8776 0 1.64991
47.1175 1 0.969938
47.1175 0 0.969938
47.1175 3 0.969938
48.4774 0 1.08993
48.4774 1 1.08993
49.9773 2 0.529962
50.7973 0 0.789953
50.7973 2 0.789953
52.1372 2 1.28993
52.1372 1 1.28993
53.6771 0 0.0499893
53.6771 3 0.0499893
54.3171 0 0.849947
54.3171 2 0.849947
54.3171 3 0.849947
55.657 1 1.04994
55.657 3 1.04994
57.337 2 -0.0500053
57.337 3 -0.0500053
58.0169 0 -0.0900063
58.2769 2 -0.0900024
58.4969 2 -0.0700058
58.7369 3 -0.0900024
58.9969 2 -0.110003
59.2169 3 -0.110003
59.4168 2 -0.0900063
60.0968 0 -0.110003
60.3368 3 -0.109999
60.5568 1 -0.13
60.7968 2 -0.13
61.0168 0 -0.109999
61.2567 2 -0.110003
61.7167 0 -0.0900024
61.9367 0 -0.13
62.1567 1 -0.110003
62.3567 0 -0.0900024
62.5967 0 -0.110003
62.7967 2 -0.0900024
63.0167 0 -0.0900024
63.8766 2 -0.0899986
64.0966 0 -0.0900024
64.3366 2 -0.0700058
64.8566 2 -0.0900024
65.0365 0 -0.0900024
65.2765 3 -0.0900024
65.4765 0 -0.0900024
65.7165 0 -0.0900024
65.9365 3 -0.0900024
66.1765 0 -0.109999
66.4165 1 -0.110007
66.6365 0 -0.110007
67.3164 1 -0.0900024
67.5364 0 -0.109999
67.7364 0 -0.0900024
67.9764 2 -0.0900024
68.1964 0 -0.0900024
68.4164 3 -0.0899948
68.8763 1 -0.0900101
69.0763 1 -0.0900177
69.3163 2 -0.109999
69.5163 1 -0.0900024
69.7563 2 -0.0900024
69.9763 3 -0.0900024
70.2363 1 -0.0900024
