0.479974 0 0
0.659964 0 0
0.93995 0 0
1.43992 2 0
1.71991 2 0
1.97989 1 0.219989
2.55986 0 0
3.07984 1 0
3.61981 2 0
3.87979 0 0
4.21978 0 0
4.75975 1 0
5.33972 1 0
5.89969 3 0
6.17967 0 0
6.47965 2 0
7.05962 3 0
7.5996 0 0
8.17957 1 0
8.45955 0 0
8.75953 2 0
9.27951 2 0
9.81948 3 0
10.4194 0 0
10.6994 2 0
10.9794 0 0
11.5394 1 0
12.1194 0 0
12.6793 1 0
12.9393 3 0
13.2393 2 0
13.8193 1 0
14.3392 1 0
14.9392 1 0
15.1792 1 0
15.4992 2 0
16.0991 2 0
16.6191 1 0
17.1791 3 0
17.4591 2 0
17.7391 0 0
18.299 1 0
18.859 3 0
19.419 2 0
19.699 2 0
19.9789 2 0
20.5589 2 0
21.0989 0 0
21.6388 0 0
21.9388 3 0
22.2188 1 0.119993
22.7788 3 0
23.3188 2 0
23.8587 0 0
24.1587 0 0
24.4387 1 0
24.9987 1 0
25.5586 1 0
26.1386 0 0
26.3986 1 0
26.6586 2 0
27.1986 1 0
27.7385 3 0
28.2985 0 0
28.6185 1 0
28.8985 0 0
29.4384 2 0
29.9784 2 0
30.5784 0 0
30.8584 0 0
31.1183 3 0
31.6783 0 0
32.2183 3 0
32.7983 2 0
33.0982 0 0
33.3782 1 0
33.9182 2 0
34.4782 1 0
35.0381 0 0
35.2981 2 0
35.5581 1 0
36.1181 3 0
36.6581 1 0
37.258 2 0
37.498 3 0
37.798 1 0
38.358 2 0
38.8979 2 0
39.4779 2 0
39.7379 0 0
40.0379 1 0
40.5578 0 0
41.0978 2 0
41.6578 0 0
41.9178 3 0
42.1978 2 0
42.7777 0 0
43.3177 3 0
43.9177 3 0
44.1777 1 0
44.4576 1 0
44.9976 1 0
45.5376 0 0
46.1175 3 0
46.3975 0 0
46.6975 3 0
47.2375 3 0.119995
47.7975 2 0
48.3574 0 0
48.6374 1 0
48.9174 1 0
49.4574 2 0
49.9973 1 0
50.5573 1 0
50.8373 1 0
51.1173 0 0
51.6973 0 0
52.2572 1 0
52.8172 0 0
53.0972 0 0
53.3572 1 0
53.8771 3 0
54.4371 0 0
55.0171 0 0
55.2971 0 0
55.597 3 0
56.157 2 0
56.697 2 0
57.297 0 0
57.5369 1 0
57.8369 0 0
58.3769 1 0
58.9369 0 0
59.4568 1 0
59.7568 3 0
60.0368 2 0
60.5568 2 0
61.0968 3 0
61.6567 1 0
61.9167 0 0
62.2367 1 0
62.7767 2 0
63.3166 1 0.119995
63.9166 1 0
64.1966 1 0
64.4766 0 0
65.0365 1 0
65.5565 3 0
66.1365 2 0
66.4165 2 0
66.6965 0 0
67.2364 3 0
67.7964 1 0
68.3564 2 0
68.6163 1 0
68.9163 3 0
69.4563 1 0
69.9963 2 0
70.5762 1 0
70.8362 2 0
71.1162 2 0
71.6562 3 0
72.1962 1 0
72.7561 0 0
73.0361 3 0
73.3161 2 0
73.8961 2 0
74.416 2 0
74.996 2 0
75.256 2 0
75.556 0 0
76.096 1 0
76.6159 0 0
77.1759 2 0
77.4159 0 0
77.7359 2 0
78.2559 0 0
78.7958 0 0.119987
79.3558 1 0
79.6558 1 0
79.9158 0 0
80.4557 2 0
81.0157 1 0.100006
81.5957 2 0
81.8556 2 0
82.1356 3 0
82.6956 1 0.119995
83.2556 3 0.119995
83.8355 1 0
84.1155 2 0
84.3555 2 0
84.8955 0 0
85.4755 1 0
86.0354 3 0
86.2954 2 0
86.5754 3 0
87.1354 2 0
87.6553 2 0
88.2553 3 0
88.5553 3 0
88.8153 3 0.119995
89.3552 0 0
89.9152 1 0
90.4952 3 0
90.7952 2 0
91.0552 3 0
91.6351 2 0
92.1751 3 0
92.7551 3 0
93.0351 1 0
93.335 1 0
93.875 3 0
94.415 3 0.119987
94.9949 0 0
95.2549 3 0
95.5349 3 0
96.0749 2 0
96.6349 0 0.119987
97.2148 2 0
97.4948 1 0
97.7748 3 0
