9.27951 1 0.599968
10.1595 0 0
10.3994 1 0
10.6594 3 0.699963
11.5394 2 0.659965
12.4193 3 0
12.6393 0 0
12.9193 2 0.779959
13.8193 1 0.659966
14.6392 2 0
14.8792 1 0
15.1192 1 0.839955
16.0591 2 0.559969
16.8791 1 0
17.1391 3 0
17.3791 2 0.739962
18.319 1 0.579969
19.119 2 0
19.379 0 0
19.619 3 0.779959
20.4989 3 0.179991
21.3189 3 0
21.5989 3 0
21.8388 3 0.819958
22.7988 1 0
23.5987 0 0
23.8587 2 0
24.1187 0 0.75996
25.0187 1 0
25.8386 2 0
26.0986 1 0
26.3186 3 0.719961
27.2186 0 0.139992
28.0185 3 0
28.2785 2 0
28.5385 1 0.779959
29.4584 3 0
30.2584 3 0
30.5184 1 0
30.7784 1 0.819956
31.7183 2 0.339981
32.5383 1 0
32.7783 2 0
33.0382 1 0.739964
33.9182 2 0
34.7182 3 0
34.9381 0 0
35.1981 2 0.839954
36.1581 3 0
36.2981 3 0.119995
36.938 0 0
37.158 2 0
37.418 1 0.819958
38.358 2 0
39.1979 2 0
39.4579 0 0
39.6979 2 0.779957
40.5778 0 0.559971
41.4178 3 0
41.6578 3 0
41.9178 0 0.719963
42.7977 0 0.679962
43.6577 1 0
43.8977 3 0
44.1377 2 0.659966
44.9976 1 0.599968
45.8576 3 0
46.1175 0 0
46.3575 1 0.799957
47.2775 3 0.179989
48.0774 0 0
48.3374 3 0
48.5974 1 0.659966
49.4174 3 0.699963
50.3173 1 0
50.5573 2 0
50.7973 2 0.779961
51.6773 3 0.699963
52.5172 0 0
52.7572 3 0
52.9772 0 0.699963
53.8371 1 1.61992
56.097 0 1.45992
57.5769 0 0
58.3569 1 1.65991
60.5368 2 1.47992
62.7367 3 1.73991
64.9365 1 1.87991
67.1764 1 1.7999
69.3363 1 1.8399
71.5962 3 1.8999
73.7961 2 1.7999
75.996 2 1.7599
78.1958 0 1.71991
80.4157 0 1.7999
82.6756 3 1.77991
84.9155 1 1.73991
87.1354 3 1.75991
89.3753 0 0.599968
90.2352 2 0
90.4952 0 0
90.7352 1 0.73996
91.6151 0 0.67997
92.5151 0 0
92.7351 2 0
92.9951 3 0.699966
93.895 3 0.659973
94.735 2 0
94.975 0 0
95.2549 1 0.73996
96.1149 0 0.599968
96.9348 1 0
97.1948 2 0
97.4548 2 0.659966
98.3548 1 0.619965
99.1947 0 0
99.4347 1 0
99.6747 3 0.679962
100.555 1 0.699959
101.415 1 0
101.655 2 0
101.915 1 0.659966
102.775 1 0.659966
103.634 2 0
103.854 3 0
104.114 3 0.719963
104.994 3 0.699959
105.854 1 0
106.094 0 0
106.334 2 0.719963
107.254 3 0.659958
108.074 2 0
108.334 0 0
108.594 3 0.73996
109.474 2 0.679962
110.294 0 0
110.554 1 0
110.834 0 0.759964
111.714 3 0.499969
112.514 3 0
112.794 2 0
113.074 3 0.679962
113.914 0 0.639954
114.714 1 0
115.014 0 0
115.294 3 0.619972
116.094 2 0.619972
116.954 2 0
117.214 3 0
117.494 1 0.699966
118.334 1 0.659966
119.154 0 0
119.414 1 0
119.674 2 0.799957
120.614 2 0.619972
121.414 2 0
121.634 3 0
121.914 1 0.73996
122.793 1 0.679962
123.633 0 0
123.893 3 0
124.153 3 0.659966
125.033 1 0.699959
125.873 0 0
126.133 2 0
126.413 2 0.659966
127.293 2 0.399979
